20240108195841.jpg 0 0.711426 0.797607 0.492513 0.307129
20240108195903.jpg 0 0.307500 0.881250 0.501667 0.237500
20240108195917.jpg 0 0.442220 0.868530 0.344727 0.262939
20240108195927.jpg 0 0.385579 0.867310 0.451497 0.262451
20240108195940.jpg 0 0.287435 0.871948 0.498698 0.251221
20240108195954.jpg 0 0.687826 0.809814 0.466146 0.173828
20240108200001.jpg 0 0.346029 0.855835 0.208984 0.240967
20240108200050.jpg 0 0.602376 0.845581 0.271810 0.261475
20240108200051.jpg 0 0.729980 0.785889 0.470378 0.258301
202401082000511.jpg 0 0.270508 0.709839 0.332682 0.109619
20240108200052.jpg 0 0.333984 0.854248 0.251953 0.264648
20240108200053.jpg 0 0.678548 0.855835 0.308919 0.288330
20240108200054.jpg 0 0.264323 0.718506 0.330729 0.123535
20240108200055.jpg 0 0.397135 0.858643 0.361328 0.282715
202401082000551.jpg 0 0.587565 0.796875 0.406250 0.173340
20240108200056.jpg 0 0.436361 0.843262 0.345378 0.264648
20240108200057.jpg 0 0.677572 0.783813 0.451497 0.200928
20240108200058.jpg 0 0.697917 0.807007 0.473307 0.179443
20240108200059.jpg 0 0.662272 0.847534 0.314128 0.300049
IMG_20240107_111406.jpg 0 0.439128 0.778687 0.315104 0.217529
IMG_20240107_111408.jpg 0 0.475911 0.755859 0.335938 0.204590
IMG_20240107_111413.jpg 0 0.347168 0.811035 0.252930 0.204590
IMG_20240107_111415.jpg 0 0.321452 0.825562 0.256185 0.213623
IMG_20240107_111419.jpg 0 0.209147 0.775146 0.239258 0.219727
IMG_20240107_111423.jpg 0 0.214355 0.731445 0.241211 0.196777
IMG_20240107_111428.jpg 0 0.230632 0.820435 0.259440 0.211182
IMG_20240107_111430.jpg 0 0.208496 0.823608 0.242513 0.218994
IMG_20240107_111433.jpg 0 0.159180 0.864624 0.210938 0.226807
IMG_20240107_111439.jpg 0 0.346191 0.857910 0.452799 0.219727
IMG_20240107_111442.jpg 0 0.336263 0.856323 0.474609 0.243408
IMG_20240107_111445.jpg 0 0.355632 0.857910 0.490560 0.235352
IMG_20240107_111446.jpg 0 0.352865 0.848022 0.491536 0.231689
IMG_20240107_111449.jpg 0 0.335612 0.839722 0.404297 0.227783
IMG_20240107_111450.jpg 0 0.329753 0.839722 0.417969 0.232178
IMG_20240107_111453.jpg 0 0.252279 0.825195 0.380208 0.234863
IMG_20240107_111455.jpg 0 0.183919 0.799927 0.346354 0.218994
IMG_20240107_111509.jpg 0 0.527832 0.843628 0.756836 0.208740
IMG_20240107_111517.jpg 0 0.499349 0.756958 0.759115 0.167725
IMG_20240107_111519.jpg 0 0.493652 0.771729 0.726888 0.174805
IMG_20240107_111521.jpg 0 0.481608 0.803955 0.708659 0.176270
IMG_20240107_111522.jpg 0 0.487467 0.789429 0.709961 0.174072
IMG_20240107_111528.jpg 0 0.410156 0.715698 0.666667 0.158936
IMG_20240107_111529.jpg 0 0.390299 0.721191 0.694010 0.166992
IMG_20240107_111532.jpg 0 0.442220 0.737793 0.728841 0.187500
IMG_20240107_111552.jpg 0 0.352539 0.776001 0.450521 0.189697
IMG_20240107_111553.jpg 0 0.362956 0.764526 0.452474 0.166748
IMG_20240107_111556.jpg 0 0.355143 0.765015 0.401042 0.181885
IMG_20240107_111557.jpg 0 0.354004 0.769653 0.403320 0.178955
IMG_20240107_111558.jpg 0 0.306315 0.757812 0.404297 0.186523
IMG_20240107_111559.jpg 0 0.316732 0.753418 0.406250 0.195312
IMG_20240107_111606.jpg 0 0.366699 0.832275 0.497721 0.206543
IMG_20240107_111607.jpg 0 0.366048 0.837769 0.504883 0.199951
IMG_20240107_111612.jpg 0 0.304688 0.773193 0.384115 0.188965
IMG_20240107_111614.jpg 0 0.315267 0.758667 0.384440 0.186768
IMG_20240107_111617.jpg 0 0.342611 0.760986 0.432617 0.185059
IMG_20240107_111618.jpg 0 0.281087 0.790161 0.482096 0.216553
IMG_20240107_111630.jpg 0 0.318848 0.814575 0.316081 0.237061
IMG_20240107_111636.jpg 0 0.345052 0.842896 0.364583 0.243408
IMG_20240107_111641.jpg 0 0.310547 0.820923 0.265625 0.237061
IMG_20240107_111643.jpg 0 0.332520 0.821167 0.271810 0.234619
IMG_20240107_111656.jpg 0 0.492513 0.838257 0.382161 0.259033
IMG_20240107_111703.jpg 0 0.478353 0.826050 0.345378 0.255127
IMG_20240107_111705.jpg 0 0.481120 0.839355 0.346354 0.253418
IMG_20240107_111708.jpg 0 0.420736 0.811890 0.288737 0.240967
IMG_20240107_111714.jpg 0 0.470052 0.813721 0.408203 0.233887
IMG_20240107_111716.jpg 0 0.461100 0.822754 0.411784 0.242676
IMG_20240107_111727.jpg 0 0.396484 0.827881 0.423177 0.282715
IMG_20240107_111728.jpg 0 0.403809 0.827881 0.454753 0.268555
IMG_20240107_111731.jpg 0 0.378743 0.824097 0.351888 0.251221
IMG_20240107_111733.jpg 0 0.365560 0.839722 0.356771 0.256104
IMG_20240107_111742.jpg 0 0.507080 0.795085 0.174805 0.224935
IMG_20240107_111743.jpg 0 0.509399 0.782552 0.179443 0.220052
IMG_20240107_111748.jpg 0 0.529785 0.819214 0.456706 0.222900
IMG_20240107_111749.jpg 0 0.530924 0.824463 0.431641 0.236328
IMG_20240107_111751.jpg 0 0.541992 0.817749 0.443359 0.238525
IMG_20240107_111755.jpg 0 0.620280 0.837769 0.446289 0.291260
IMG_20240107_111756.jpg 0 0.621257 0.844482 0.444336 0.281250
IMG_20240107_111801.jpg 0 0.410319 0.852295 0.343424 0.290527
IMG_20240107_111802.jpg 0 0.420736 0.854736 0.336914 0.290527
IMG_20240107_111809.jpg 0 0.241699 0.655762 0.314779 0.104004
IMG_20240107_111810.jpg 0 0.262207 0.643555 0.318034 0.093750
IMG_20240107_111813.jpg 0 0.295736 0.689331 0.303711 0.117432
IMG_20240107_111814.jpg 0 0.298340 0.684570 0.314779 0.112793
IMG_20240107_111817.jpg 0 0.235352 0.673950 0.323568 0.114990
IMG_20240107_111820.jpg 0 0.270020 0.644409 0.295898 0.085693
IMG_20240107_111824.jpg 0 0.234212 0.777466 0.331706 0.166260
IMG_20240107_111826.jpg 0 0.213379 0.777954 0.348633 0.171631
IMG_20240107_111831.jpg 0 0.238444 0.830322 0.392904 0.309570
IMG_20240107_111832.jpg 0 0.227865 0.830688 0.390625 0.308838
IMG_20240107_111835.jpg 0 0.329915 0.851929 0.338216 0.296143
IMG_20240107_111838.jpg 0 0.340983 0.843262 0.324544 0.313477
IMG_20240107_111839.jpg 0 0.334473 0.842529 0.334961 0.314941
IMG_20240107_111843.jpg 0 0.370280 0.807861 0.288737 0.267578
IMG_20240107_111844.jpg 0 0.369792 0.814941 0.272786 0.261230
IMG_20240107_111848.jpg 0 0.470052 0.809326 0.341146 0.278809
IMG_20240107_111849.jpg 0 0.465820 0.810669 0.341146 0.284424
IMG_20240107_111854.jpg 0 0.676921 0.824829 0.435872 0.256104
IMG_20240107_111855.jpg 0 0.664388 0.810913 0.433594 0.240967
IMG_20240107_111858.jpg 0 0.694824 0.840942 0.475586 0.250244
IMG_20240107_111905.jpg 0 0.396484 0.854736 0.462891 0.240234
IMG_20240107_111909.jpg 0 0.527344 0.850342 0.518880 0.256836
IMG_20240107_111911.jpg 0 0.585612 0.847656 0.601562 0.233887
IMG_20240107_111913.jpg 0 0.633789 0.862549 0.608073 0.255859
IMG_20240107_111917.jpg 0 0.378743 0.834961 0.444336 0.232422
IMG_20240107_111918.jpg 0 0.391764 0.840088 0.453451 0.244141
IMG_20240107_111921.jpg 0 0.264323 0.862549 0.395833 0.232422
IMG_20240107_111922.jpg 0 0.294108 0.821289 0.388346 0.203125
IMG_20240107_111931.jpg 0 0.194010 0.695557 0.330729 0.122070
IMG_20240107_111933.jpg 0 0.203451 0.692505 0.320312 0.126709
IMG_20240107_111935.jpg 0 0.185710 0.713989 0.333008 0.126221
IMG_20240107_111943.jpg 0 0.218099 0.828125 0.325521 0.216797
IMG_20240107_111954.jpg 0 0.541829 0.825317 0.402018 0.260010
IMG_20240107_111957.jpg 0 0.694987 0.757690 0.429036 0.208252
IMG_20240107_112000.jpg 0 0.767904 0.759155 0.425130 0.191162
IMG_20240107_112003.jpg 0 0.726562 0.711060 0.354167 0.126221
IMG_20240107_112006.jpg 0 0.753418 0.734863 0.365560 0.119141
IMG_20240107_112011.jpg 0 0.802572 0.786499 0.394857 0.116455
IMG_20240107_112012.jpg 0 0.813965 0.785034 0.372070 0.133545
IMG_20240107_112018.jpg 0 0.758789 0.883301 0.273438 0.161133
IMG_20240107_112020.jpg 0 0.752075 0.875163 0.267334 0.174154
IMG_20240107_112021.jpg 0 0.755127 0.902018 0.297852 0.172526
IMG_20240107_112023.jpg 0 0.766724 0.880859 0.299072 0.188802
IMG_20240107_112033.jpg 0 0.829264 0.803711 0.341471 0.190918
IMG_20240107_112035.jpg 0 0.820638 0.800171 0.358724 0.206787
IMG_20240107_112037.jpg 0 0.819824 0.775024 0.360352 0.191162
IMG_20240107_112038.jpg 0 0.812826 0.782104 0.331380 0.185303
IMG_20240107_112039.jpg 0 0.807129 0.772095 0.346680 0.165283
IMG_20240107_112043.jpg 0 0.833171 0.871216 0.333659 0.194092
IMG_20240107_112045.jpg 0 0.812174 0.862671 0.375651 0.185303
IMG_20240107_112046.jpg 0 0.789714 0.876343 0.361979 0.183838
IMG_20240107_112048.jpg 0 0.782227 0.881958 0.354167 0.177979
IMG_20240107_112058.jpg 0 0.603190 0.851807 0.360026 0.292969
IMG_20240107_112059.jpg 0 0.591634 0.851196 0.363607 0.282959
IMG_20240107_112100.jpg 0 0.599284 0.841064 0.363932 0.291504
IMG_20240107_112101.jpg 0 0.591634 0.845459 0.367513 0.291504
IMG_20240107_112104.jpg 0 0.516927 0.850342 0.291016 0.267090
IMG_20240107_112105.jpg 0 0.523600 0.851074 0.273763 0.277344
IMG_20240107_112109.jpg 0 0.707520 0.836060 0.385091 0.261475
IMG_20240107_112110.jpg 0 0.699707 0.840332 0.373372 0.267090
IMG_20240107_112111.jpg 0 0.690267 0.835938 0.415690 0.267090
IMG_20240107_112115.jpg 0 0.687337 0.789307 0.352539 0.173828
IMG_20240107_112116.jpg 0 0.683431 0.777832 0.340820 0.179688
IMG_20240107_112117.jpg 0 0.688477 0.762817 0.323568 0.160889
IMG_20240107_112156.jpg 0 0.598307 0.856812 0.335286 0.285889
IMG_20240107_112203.jpg 0 0.618490 0.846069 0.394531 0.241455
IMG_20240107_112204.jpg 0 0.624186 0.839600 0.413737 0.236816
IMG_20240107_112209.jpg 0 0.709473 0.781494 0.338867 0.129395
IMG_20240107_112211.jpg 0 0.742025 0.785767 0.338867 0.149170
IMG_20240107_112214.jpg 0 0.751465 0.790771 0.350586 0.127930
IMG_20240107_112217.jpg 0 0.763997 0.807251 0.348307 0.140869
IMG_20240107_112252.jpg 0 0.415527 0.716064 0.696940 0.196777
IMG_20240107_112254.jpg 0 0.432780 0.713867 0.635742 0.172363
IMG_20240107_112256.jpg 0 0.417480 0.800781 0.627930 0.242676
IMG_20240107_112259.jpg 0 0.433594 0.833130 0.740885 0.235596
IMG_20240107_112300.jpg 0 0.445150 0.832397 0.763997 0.257080
IMG_20240107_112301.jpg 0 0.455729 0.830933 0.785156 0.251221
IMG_20240107_112304.jpg 0 0.533203 0.861816 0.787109 0.224121
IMG_20240107_112305.jpg 0 0.534180 0.868286 0.792969 0.228271
IMG_20240107_112313.jpg 0 0.462402 0.852661 0.710612 0.294678
IMG_20240107_112314.jpg 0 0.469076 0.866333 0.708333 0.267334
IMG_20240107_112316.jpg 0 0.458659 0.858398 0.679688 0.283203
IMG_20240107_112317.jpg 0 0.474772 0.855591 0.674154 0.288818
IMG_20240107_112334.jpg 0 0.859863 0.736938 0.275716 0.229736
IMG_20240107_112335.jpg 0 0.852376 0.730469 0.295247 0.228516
IMG_20240107_112344.jpg 0 0.733398 0.718262 0.298828 0.158203
IMG_20240107_112346.jpg 0 0.702799 0.724731 0.298828 0.159424
IMG_20240107_112347.jpg 0 0.702637 0.730469 0.302409 0.170898
IMG_20240107_112349.jpg 0 0.754395 0.711060 0.348633 0.149170
IMG_20240107_112350.jpg 0 0.737142 0.703857 0.318034 0.140625
IMG_20240107_112353.jpg 0 0.708496 0.731934 0.340820 0.119141
IMG_20240107_112354.jpg 0 0.716146 0.736206 0.363932 0.133545
IMG_20240107_112357.jpg 0 0.701660 0.671509 0.338867 0.110596
IMG_20240107_112358.jpg 0 0.708496 0.679443 0.344727 0.114746
IMG_20240107_112400.jpg 0 0.748698 0.701050 0.337240 0.106201
IMG_20240107_112400_1.jpg 0 0.750488 0.702515 0.344727 0.106201
IMG_20240107_112403.jpg 0 0.670085 0.716797 0.340820 0.103516
IMG_20240107_112404.jpg 0 0.693034 0.708130 0.321615 0.106201
IMG_20240107_112416.jpg 0 0.586914 0.789307 0.461589 0.119141
IMG_20240107_112417.jpg 0 0.603027 0.810181 0.440430 0.132080
IMG_20240107_112419.jpg 0 0.550618 0.812378 0.438477 0.156494
IMG_20240107_112420.jpg 0 0.572428 0.822388 0.440430 0.150635
IMG_20240107_112422.jpg 0 0.467122 0.807251 0.451823 0.200928
IMG_20240107_112423.jpg 0 0.482422 0.823730 0.463542 0.193848
IMG_20240107_112425.jpg 0 0.381022 0.782837 0.440430 0.212646
IMG_20240107_112426.jpg 0 0.366699 0.792847 0.430664 0.209717
IMG_20240107_112432.jpg 0 0.763021 0.758545 0.227865 0.224121
IMG_20240107_112433.jpg 0 0.764974 0.758545 0.205078 0.215332
IMG_20240107_112434.jpg 0 0.861654 0.797974 0.199219 0.202393
IMG_20240107_112437.jpg 0 0.772624 0.854004 0.200846 0.245605
IMG_20240107_112438.jpg 0 0.769694 0.857666 0.249023 0.244141
IMG_20240107_112442.jpg 0 0.705566 0.879883 0.407878 0.196777
IMG_20240107_112443.jpg 0 0.698893 0.880615 0.390625 0.215332
IMG_20240107_112455.jpg 0 0.731445 0.904907 0.444010 0.189697
IMG_20240107_112456.jpg 0 0.715983 0.897095 0.440430 0.191162
IMG_20240107_112500.jpg 0 0.726562 0.871216 0.423177 0.168213
IMG_20240107_112502.jpg 0 0.588867 0.871216 0.449870 0.191162
IMG_20240107_112504.jpg 0 0.610677 0.871948 0.451823 0.183838
IMG_20240107_112509.jpg 0 0.510254 0.837524 0.469076 0.183838
IMG_20240107_112510.jpg 0 0.520671 0.843262 0.471029 0.192383
IMG_20240107_112513.jpg 0 0.478678 0.826660 0.405924 0.196777
IMG_20240107_112514.jpg 0 0.472982 0.815918 0.413411 0.209473
IMG_20240107_112516.jpg 0 0.321615 0.826782 0.451823 0.205322
IMG_20240107_112517.jpg 0 0.324544 0.814575 0.445964 0.206787
IMG_20240107_112518.jpg 0 0.322591 0.813110 0.449870 0.203857
IMG_20240107_112521.jpg 0 0.546712 0.802979 0.381185 0.132324
IMG_20240107_112531.jpg 0 0.494141 0.795044 0.585938 0.228271
IMG_20240107_112532.jpg 0 0.478678 0.804443 0.620117 0.252930
IMG_20240107_112533.jpg 0 0.452962 0.757812 0.568685 0.216797
IMG_20240107_112534.jpg 0 0.442220 0.796509 0.528320 0.231201
IMG_20240107_112536.jpg 0 0.405924 0.804443 0.509115 0.241211
IMG_20240107_112538.jpg 0 0.650065 0.798706 0.480469 0.137939
IMG_20240107_112539.jpg 0 0.653809 0.797241 0.495768 0.152100
IMG_20240107_112542.jpg 0 0.673991 0.792236 0.482747 0.127930
IMG_20240107_112546.jpg 0 0.642415 0.639282 0.204753 0.189697
IMG_20240107_112547.jpg 0 0.637533 0.642944 0.202799 0.182373
IMG_20240107_112548.jpg 0 0.645345 0.657227 0.210612 0.190918
IMG_20240107_112549.jpg 0 0.634603 0.759888 0.243164 0.235596
IMG_20240107_112552.jpg 0 0.717122 0.850464 0.296875 0.281494
IMG_20240107_112553.jpg 0 0.716960 0.764160 0.281576 0.292969
IMG_20240107_112555.jpg 0 0.721842 0.762695 0.298503 0.295898
IMG_20240107_112557.jpg 0 0.752441 0.751343 0.279622 0.235596
IMG_20240107_112558.jpg 0 0.748698 0.735474 0.272135 0.229736
IMG_20240107_112559.jpg 0 0.682617 0.716187 0.246745 0.208252
IMG_20240107_112600.jpg 0 0.677897 0.713989 0.275716 0.209717
IMG_20240107_112601.jpg 0 0.707520 0.711792 0.331055 0.205322
IMG_20240107_112602.jpg 0 0.696940 0.708984 0.283203 0.199707
IMG_20240107_112606.jpg 0 0.787109 0.819458 0.325521 0.214111
IMG_20240107_112607.jpg 0 0.820475 0.823730 0.300456 0.242676
IMG_20240107_112610.jpg 0 0.781250 0.807983 0.291016 0.208252
IMG_20240107_112620.jpg 0 0.660645 0.835205 0.513346 0.196777
IMG_20240107_112624.jpg 0 0.522786 0.831787 0.612630 0.290039
IMG_20240107_112625.jpg 0 0.521810 0.841675 0.610677 0.278564
mmexport1704594485327.jpg 0 0.692220 0.819458 0.442383 0.188232
mmexport1704594503106.jpg 0 0.728516 0.787842 0.445964 0.248535
mmexport1704594507821.jpg 0 0.338053 0.851074 0.243164 0.239746
mmexport1704594512408.jpg 0 0.276693 0.716797 0.319661 0.091797
mmexport1704594519526.jpg 0 0.689290 0.861084 0.263997 0.268555
mmexport1704594537848.jpg 0 0.334961 0.843994 0.229818 0.216797
mmexport1704594541263.jpg 0 0.303548 0.876953 0.472982 0.208008
mmexport1704594553726.jpg 0 0.429850 0.869873 0.316081 0.260254
mmexport1704594558358.jpg 0 0.722819 0.786499 0.450195 0.262939
mmexport1704594562337.jpg 0 0.694987 0.825195 0.455729 0.173828
